0.282768,831337,2940001
0.285329,1677738,5880002
0.286429,2526305,8820003
0.2872,3377477,11760004
0.28779,4230518,14700005
0.288212,5084070,17640006
0.288551,5938386,20580007
0.288936,6795776,23520008
0.289232,7653077,26460009
0.289477,8510613,29400010
0.289684,9368390,32340011
0.289868,10226557,35280012
0.290036,11085177,38220013
0.290184,11943982,41160014
0.290315,12802881,44100015
0.290436,13662124,47040016
0.290543,14521330,49980017
0.29064,15380651,52920018
0.290727,16240032,55860019
0.290805,17099361,58800020
0.29088,17958924,61740021
0.29095,18818657,64680022
0.291015,19678422,67620023
0.291072,20538066,70560024
0.291127,21397833,73500025
0.291178,22257645,76440026
0.291226,23117502,79380027
0.29127,23977383,82320028
0.29131,24837088,85260029
0.291346,25696768,88200030
0.291381,26556517,91140031
0.291415,27416358,94080032
0.291447,28276195,97020033
0.291477,29136021,99960034
0.291506,29995963,102900035
0.291534,30855934,105840036
0.29156,31715937,108780037
0.291586,32575952,111720038
0.29161,33435992,114660039
0.291633,34296041,117600040
